battlefield_4: 0.03075385870490835
soccer: 0.03075385870490835
pics: 0.03075385870490835
vaporbowl: 0.02930077591330634
cfb: 0.02930077591330634
rddtrust: 0.02107195805305436
fuckcancer: 0.02107195805305436
confession: 0.02107195805305436
ffxivapp: 0.02107195805305436
funny: 0.02107195805305436
bitcoin: 0.02107195805305436
nfl: 0.02107195805305436
epcot: 0.02107195805305436
electronic_cigarette: 0.02107195805305436
changemyview: 0.02107195805305436
askreddit: 0.02107195805305436
linguistics: 0.02107195805305436
defaults: 0.02107195805305436
seireitei: 0.02107195805305436
australia: 0.02107195805305436
motorcycles: 0.02107195805305436
apple: 0.02107195805305436
todayilearned: 0.02107195805305436
teamredditteams: 0.02107195805305436
dogecoin: 0.02107195805305436
india: 0.02107195805305436
bestof2013: 0.016231007727127364
corejerk: 0.016231007727127364
leangains: 0.014617357618485033
lifeprotips: 0.014617357618485033
nofap: 0.014617357618485033
rddtgaming: 0.01139005740120037
xboxone: 0.01139005740120037
ps4: 0.01139005740120037
fitnesscirclejerk: 0.01139005740120037
cancer: 0.01139005740120037
jleague: 0.01139005740120037
quityourbullshit: 0.01139005740120037
bestof: 0.01139005740120037
ffxiv: 0.01139005740120037
switcharoo: 0.01139005740120037
bitcoinmining: 0.01139005740120037
subredditdrama: 0.01139005740120037
orlando: 0.01139005740120037
rba: 0.01139005740120037
agitation: 0.01139005740120037
magicskyfairy: 0.01139005740120037
languagelearning: 0.01139005740120037
examplesofevil: 0.01139005740120037
metahub: 0.01139005740120037
lasnoches: 0.01139005740120037
circlejerkaustralia: 0.01139005740120037
fuckharley: 0.01139005740120037
stolen: 0.01139005740120037
progressives: 0.01139005740120037
leagueoflegends: 0.01139005740120037
theredlion: 0.01139005740120037
dogemarket: 0.01139005740120037
posthardcore: 0.01139005740120037
gfycat: 0.01139005740120037
